#'

pyn_pallette <- c('#4f4f4f', '#c41520', '#f6bb42', '#3bb5a8', '#24cf5f', '#ff7800',
                '#840e16', '#df9331', '#313131', '#05544b', '#15883d', '#e8530c',
                '#ff4551', '#fff5ad', '#ececec', '#a5dad5', '#7effab', '#ffb368',
                '#ffdddf', '#fffce3', '#fefcfb', '#e6fffd', '#dcffe8', '#ffe6cf')

